0.573425;0.099514;0.031208;0.0142708;0.0434494;0.137299;0.0721397;0.0125198;0.00749969;0.00285339;0.00185013;0.00142288;0.00115967;0.000831604;0.000450134;0.000106812
0.592678;0.119537;0.0330658;0.0158081;0.0246925;0.148907;0.0375366;0.0126572;0.00880051;0.00256729;0.00119019;0.00101089;0.000671387;0.000461578;0.00030899;0.000106812
0.335522;0.0547333;0.0426445;0.0449638;0.0375061;0.220257;0.228977;0.0141525;0.0114403;0.0037117;0.00245667;0.00155258;0.00108719;0.00062561;0.000324249;4.57764e-05
0.602032;0.106182;0.017746;0.00844955;0.0529671;0.163948;0.0190392;0.0121613;0.00719833;0.00282288;0.00263596;0.00230789;0.00130463;0.000694275;0.000312805;0.000198364
0.558277;0.0580635;0.039814;0.0304298;0.111305;0.153294;0.0320435;0.00921631;0.00319672;0.00142288;0.000991821;0.000740051;0.000595093;0.000362396;0.00018692;6.10352e-05
0.492989;0.0797119;0.0239983;0.0240898;0.114609;0.174347;0.0626144;0.0146103;0.00600052;0.00244522;0.0018692;0.00114441;0.000858307;0.000545502;0.000137329;3.05176e-05
0.578815;0.110695;0.0430374;0.0234833;0.0232048;0.144131;0.042942;0.0155563;0.0106506;0.00329971;0.00198364;0.00109863;0.000682831;0.000286102;0.000106812;2.67029e-05
0.629936;0.0737038;0.0183983;0.0939636;0.150959;0.0173035;0.00772476;0.00299454;0.00214767;0.00164413;0.000965118;0.000202179;1.90735e-05;3.8147e-06;0;3.43323e-05
0.543194;0.0703316;0.0223427;0.0354691;0.190178;0.108486;0.0169144;0.00709915;0.00254822;0.00151443;0.00100327;0.00063324;0.000221252;4.95911e-05;3.8147e-06;1.14441e-05
0.593746;0.0413589;0.0373955;0.194256;0.101006;0.0201988;0.00629425;0.00274658;0.00146866;0.00087738;0.000511169;0.00012207;7.62939e-06;7.62939e-06;0;3.8147e-06
0.581841;0.0837479;0.0166779;0.0114555;0.0910454;0.148891;0.0367584;0.0133743;0.00674438;0.00333786;0.00239182;0.00179672;0.00118637;0.000537872;0.00018692;2.67029e-05
0.594421;0.119663;0.0333176;0.0162697;0.0392838;0.156219;0.0175934;0.0128899;0.00505447;0.00144196;0.00128937;0.000854492;0.000732422;0.000556946;0.000335693;7.62939e-05
0.511768;0.0708351;0.0330048;0.112759;0.19714;0.050209;0.0131073;0.00478363;0.00278091;0.00195312;0.00115204;0.000377655;0.000110626;1.52588e-05;0;3.8147e-06
0.608463;0.0910759;0.0143661;0.00944519;0.104454;0.129681;0.0149345;0.0142937;0.00452805;0.00296021;0.00237656;0.00177002;0.000965118;0.000488281;0.000160217;3.8147e-05
0.701317;0.0620422;0.00920105;0.00551605;0.0297356;0.125469;0.0488548;0.00955963;0.00526428;0.00120544;0.000751495;0.000499725;0.000236511;0.000228882;8.7738e-05;3.05176e-05
0.582321;0.117142;0.0266685;0.0146294;0.0635033;0.150402;0.0167847;0.0139046;0.00572205;0.0029068;0.00228119;0.00198364;0.001194;0.000324249;0.000175476;5.72205e-05
0.571007;0.0979233;0.0198898;0.0103951;0.0970726;0.159454;0.0146523;0.014595;0.00540924;0.00331497;0.00233459;0.00167465;0.00115585;0.000671387;0.000339508;0.000110626
0.680954;0.0731316;0.0145264;0.0076828;0.0264435;0.12059;0.0571404;0.0101776;0.00613403;0.00149155;0.000747681;0.000404358;0.000289917;0.000175476;7.62939e-05;3.43323e-05
0.702026;0.0488205;0.0106125;0.00730515;0.0675125;0.12389;0.0187531;0.00951767;0.00393295;0.00200272;0.00151443;0.00151825;0.00133514;0.000789642;0.00037384;9.53674e-05
0.587463;0.0459023;0.0369492;0.201454;0.101353;0.0161934;0.00514603;0.00252914;0.00157928;0.000858307;0.00044632;8.7738e-05;3.05176e-05;0;7.62939e-06;0
0.417042;0.0724907;0.0264664;0.0457878;0.167835;0.177952;0.064949;0.0171127;0.00563431;0.00213623;0.00127411;0.000774384;0.000270844;0.000198364;6.86646e-05;7.62939e-06
0.544746;0.067131;0.0461807;0.0366058;0.123394;0.129089;0.030899;0.0103874;0.00402069;0.00240326;0.00182724;0.00148392;0.000926971;0.000679016;0.000171661;5.34058e-05
0.562866;0.0618401;0.0358696;0.0348816;0.172352;0.101276;0.0167122;0.00719452;0.00244904;0.00162888;0.00112152;0.00082016;0.000514984;0.000350952;0.000114441;7.62939e-06
0.342842;0.0606041;0.0520134;0.0420189;0.0400734;0.296825;0.130138;0.0136681;0.012394;0.00375366;0.00235367;0.0014267;0.00094223;0.000720978;0.000202179;2.28882e-05
0.60461;0.093998;0.0144272;0.00851059;0.0940437;0.138664;0.015213;0.0157433;0.00495148;0.00323868;0.00254822;0.00184631;0.0012207;0.000686646;0.000232697;6.48499e-05
0.558922;0.0681038;0.0405006;0.0339699;0.140293;0.113979;0.0244217;0.00945663;0.00341415;0.00222778;0.00185776;0.00147629;0.000888824;0.000358582;9.53674e-05;3.43323e-05
0.532116;0.0538521;0.0414848;0.0434113;0.140976;0.142643;0.031208;0.00844193;0.00235367;0.00109863;0.000766754;0.000656128;0.000473022;0.000358582;0.000133514;2.67029e-05
0.571758;0.0954094;0.0232887;0.0129776;0.069252;0.154999;0.0477638;0.0119591;0.00616837;0.00206757;0.00151443;0.00111771;0.00087738;0.000492096;0.000297546;5.72205e-05
0.439259;0.0749741;0.0255852;0.0596809;0.204105;0.145844;0.0337791;0.009552;0.0033989;0.00193405;0.001091;0.000514984;0.000202179;7.24792e-05;0;7.62939e-06
0.691181;0.0850067;0.0158615;0.00636292;0.036335;0.118343;0.0304871;0.00904846;0.00409317;0.00114441;0.000759125;0.000549316;0.00043869;0.000247955;0.000118256;2.28882e-05
0.565266;0.110741;0.0400124;0.0192261;0.0168266;0.0980492;0.105976;0.0183334;0.0151978;0.00624084;0.00222397;0.00114059;0.000499725;0.000183105;5.72205e-05;2.67029e-05
0.592587;0.113415;0.024559;0.0120277;0.0736237;0.140057;0.0151711;0.014061;0.00522232;0.00356293;0.00257874;0.00149155;0.000827789;0.000431061;0.000293732;9.15527e-05
0.616695;0.0322304;0.0224037;0.0368958;0.123646;0.112484;0.035881;0.0110855;0.00436783;0.00204468;0.00101471;0.00062561;0.000366211;0.000198364;4.95911e-05;1.14441e-05
0.587212;0.129986;0.0372086;0.0134277;0.0363045;0.158726;0.0151978;0.0119743;0.00418854;0.00191116;0.00136566;0.00102997;0.000801086;0.000476837;0.000133514;5.72205e-05
0.600086;0.0323372;0.0288849;0.2029;0.102459;0.0193443;0.00704956;0.00354767;0.00170517;0.00102234;0.000553131;8.39233e-05;7.62939e-06;0;3.8147e-06;1.52588e-05
0.547028;0.0554466;0.0459442;0.0440788;0.111305;0.144119;0.0344009;0.00908279;0.0030365;0.00154114;0.00125504;0.000957489;0.000892639;0.000621796;0.000244141;4.57764e-05
0.598434;0.109959;0.0223618;0.0120163;0.0517883;0.159279;0.0176773;0.0133896;0.00690079;0.00286484;0.00213242;0.00130844;0.00108337;0.00056839;0.000152588;8.39233e-05
0.582561;0.0569801;0.042347;0.191341;0.0983963;0.0175438;0.0054512;0.00234222;0.00136566;0.000938416;0.000556946;0.000118256;3.43323e-05;3.8147e-06;7.62939e-06;1.14441e-05
0.5858;0.104221;0.0314903;0.0184822;0.0799561;0.144386;0.0147057;0.0124741;0.00318527;0.00191498;0.00147629;0.00106812;0.000614166;0.000190735;3.05176e-05;3.8147e-06
0.346508;0.0885124;0.076931;0.0460625;0.0276871;0.22718;0.152668;0.0128708;0.0114899;0.00409698;0.00238037;0.00154877;0.000984192;0.000621796;0.000335693;0.00012207
0.562786;0.122414;0.0321617;0.0186577;0.0609512;0.16032;0.0161095;0.0136452;0.00590515;0.00239182;0.0016861;0.00141525;0.000946045;0.000434875;0.0001297;4.57764e-05
0.603703;0.0252571;0.00732422;0.00505066;0.0296974;0.168835;0.118324;0.0192757;0.0119171;0.00509644;0.0025444;0.00138092;0.000720978;0.000507355;0.000297546;6.86646e-05
0.422951;0.0541725;0.0191841;0.0612831;0.15855;0.166645;0.0817795;0.0253448;0.00595093;0.00156403;0.000995636;0.000713348;0.000453949;0.000221252;0.00012207;6.86646e-05
0.608658;0.0292931;0.00838852;0.00592422;0.0319672;0.175423;0.103054;0.0167046;0.0105591;0.00431442;0.00207138;0.00146103;0.00101852;0.000671387;0.000366211;0.000125885
0.654228;0.0650406;0.0281487;0.0177345;0.0655479;0.13802;0.0173531;0.00857925;0.0023613;0.00101089;0.00082016;0.000518799;0.000335693;0.000225067;6.10352e-05;1.52588e-05
0.602634;0.0337448;0.0119438;0.0132523;0.148727;0.147442;0.0200386;0.0126038;0.00487137;0.0019455;0.00112534;0.000762939;0.000423431;0.000343323;0.00012207;1.90735e-05
0.593323;0.0363007;0.0235329;0.187077;0.139282;0.0141106;0.00363541;0.0013237;0.000671387;0.000335693;0.00012207;3.8147e-05;2.28882e-05;1.52588e-05;2.67029e-05;0.000183105
0.414433;0.0509491;0.0214653;0.0772133;0.170979;0.160183;0.0745659;0.0220337;0.00482941;0.00135422;0.000846863;0.000507355;0.000362396;0.000202179;5.72205e-05;1.90735e-05
0.616028;0.0561371;0.0235901;0.0649033;0.185978;0.036377;0.00945282;0.00315094;0.00162506;0.00112534;0.000827789;0.00050354;0.000217438;4.95911e-05;2.67029e-05;7.62939e-06
0.434219;0.0693741;0.0206985;0.0443764;0.126633;0.161942;0.0930443;0.0339775;0.0101013;0.00252533;0.000991821;0.000835419;0.000526428;0.000419617;0.000244141;9.15527e-05
0.508373;0.0557556;0.0248909;0.0554504;0.15131;0.130566;0.0513;0.0148354;0.00413895;0.00138092;0.000873566;0.000514984;0.000328064;0.000167847;8.7738e-05;2.67029e-05
0.64262;0.0348701;0.0115929;0.0206947;0.17812;0.086689;0.011364;0.00778961;0.00247574;0.00165558;0.00104904;0.000583649;0.000255585;0.000137329;8.39233e-05;1.90735e-05
0.564785;0.0475998;0.0326691;0.0517426;0.175613;0.100868;0.0159607;0.00546646;0.00194168;0.00118637;0.000968933;0.000583649;0.00038147;0.000156403;5.72205e-05;1.90735e-05
0.608604;0.056572;0.0225258;0.0171165;0.0974846;0.148964;0.0287247;0.00971985;0.00402069;0.00199127;0.00147629;0.00132751;0.000827789;0.000431061;0.000167847;4.57764e-05
0.601597;0.0184402;0.00877762;0.00774002;0.0717392;0.219265;0.0556717;0.00959015;0.0044899;0.00109482;0.000637054;0.000366211;0.000282288;0.000160217;0.000110626;3.8147e-05
0.454472;0.0679474;0.0361862;0.0781937;0.133541;0.124599;0.0697899;0.025238;0.00671005;0.00178528;0.000751495;0.000411987;0.000236511;0.000102997;2.67029e-05;7.62939e-06
0.592369;0.0562935;0.014576;0.0114861;0.126225;0.162785;0.0189705;0.00957489;0.00373077;0.00147629;0.00113678;0.00062561;0.000350952;0.000232697;0.000137329;3.05176e-05
0.455685;0.0677605;0.0308495;0.0580139;0.138733;0.148029;0.0719299;0.0209312;0.00483322;0.00138092;0.000816345;0.000480652;0.000312805;0.000167847;6.48499e-05;1.14441e-05
0.615929;0.0144424;0.0148048;0.167904;0.163273;0.0174179;0.0029068;0.000961304;0.000801086;0.000621796;0.000602722;0.000293732;3.05176e-05;3.8147e-06;0;7.62939e-06
0.550251;0.0396385;0.00918961;0.0167007;0.104465;0.196526;0.0659256;0.0111694;0.00283432;0.00113297;0.000732422;0.000553131;0.000511169;0.000225067;0.000106812;3.8147e-05
0.648399;0.0707626;0.0314026;0.0190086;0.050415;0.14032;0.0222359;0.0104599;0.00381851;0.00094986;0.000774384;0.000526428;0.00043869;0.000278473;0.000156403;5.34058e-05
0.445107;0.0520973;0.0217628;0.0591621;0.169151;0.164207;0.0654335;0.0164642;0.00354767;0.00116348;0.000743866;0.000530243;0.000274658;0.000221252;0.000102997;3.05176e-05
0.633205;0.0347061;0.0179291;0.0139084;0.0633507;0.201931;0.01754;0.00863266;0.00333405;0.00122833;0.00138855;0.00125504;0.000823975;0.000476837;0.000217438;7.24792e-05
0.550114;0.0662003;0.0159035;0.0152245;0.115391;0.166664;0.0497551;0.0104675;0.00566864;0.00157547;0.00113297;0.000823975;0.000572205;0.000350952;0.000141144;1.52588e-05
0.674896;0.0262794;0.0083847;0.0144691;0.143322;0.10387;0.0136299;0.00725555;0.00273132;0.0018692;0.00128937;0.00105667;0.000652313;0.000255585;3.43323e-05;3.8147e-06
0.585403;0.0502357;0.0219383;0.0325394;0.153622;0.121197;0.0194473;0.00775528;0.00295258;0.00172424;0.00120163;0.000804901;0.00062561;0.000358582;0.000125885;6.86646e-05
0.538109;0.0689011;0.0140381;0.0119781;0.0891838;0.178207;0.0749016;0.0125847;0.00654984;0.00220871;0.00123978;0.000923157;0.000576019;0.000389099;0.000164032;4.57764e-05
0.647797;0.0687714;0.0310898;0.0196686;0.0548706;0.141758;0.0199203;0.00983047;0.00320816;0.00101471;0.000675201;0.000556946;0.000411987;0.000278473;0.00012207;2.67029e-05
0.587074;0.0463181;0.0297432;0.183434;0.131809;0.0142479;0.00410843;0.00143051;0.000839233;0.000576019;0.000133514;5.72205e-05;2.67029e-05;1.90735e-05;1.90735e-05;0.000164032
0.609913;0.0267448;0.00936127;0.0154686;0.167721;0.134979;0.0174484;0.0109291;0.00328064;0.00160599;0.00104141;0.000686646;0.000473022;0.000282288;4.95911e-05;1.52588e-05
0.407421;0.0638809;0.0293388;0.0778236;0.158348;0.151146;0.0753288;0.0259285;0.00671387;0.00162125;0.000869751;0.000720978;0.000492096;0.000225067;0.000106812;3.43323e-05
0.461967;0.0455742;0.0132027;0.033329;0.126736;0.179878;0.0979462;0.0290451;0.00774384;0.00200653;0.00113297;0.000663757;0.000461578;0.000198364;8.39233e-05;3.05176e-05
0.414505;0.0583725;0.0274162;0.0564613;0.177044;0.176014;0.0643082;0.0160713;0.00446701;0.00188065;0.0013504;0.00109482;0.000617981;0.000297546;7.62939e-05;2.28882e-05
0.549145;0.0321388;0.0150871;0.0325317;0.154346;0.159054;0.0422325;0.00927734;0.00267029;0.00126266;0.000965118;0.000545502;0.000400543;0.000167847;0.000133514;4.19617e-05
0.473076;0.0644188;0.0346718;0.0828667;0.168926;0.121445;0.0407753;0.00951767;0.0022316;0.000995636;0.000541687;0.000293732;0.000160217;6.48499e-05;1.14441e-05;3.8147e-06
0.607666;0.0599136;0.0253906;0.0393257;0.170227;0.069973;0.014164;0.00653839;0.00279236;0.0017128;0.00105286;0.000713348;0.000377655;0.00012207;2.67029e-05;3.8147e-06
0.44334;0.0574951;0.0221519;0.0465622;0.149597;0.170788;0.078537;0.0217857;0.00553513;0.00149918;0.00100708;0.000797272;0.000514984;0.000267029;9.15527e-05;3.05176e-05
0.651844;0.0716591;0.0330162;0.0216141;0.0582619;0.131088;0.0176201;0.00873184;0.0026207;0.00107574;0.00082016;0.00069046;0.000469208;0.000312805;0.000144958;3.05176e-05
0.589005;0.0421219;0.0170135;0.0156631;0.142403;0.158325;0.0189171;0.00997543;0.00324249;0.00128937;0.000835419;0.00044632;0.000343323;0.000244141;0.000144958;3.05176e-05
0.431179;0.0756836;0.0396194;0.0722618;0.120922;0.122501;0.0814552;0.0378075;0.0128174;0.0038147;0.00106812;0.000442505;0.000183105;0.000148773;5.72205e-05;3.8147e-05
0.489899;0.0800972;0.0636749;0.0241966;0.0612869;0.204834;0.0386887;0.0171509;0.00876617;0.0043335;0.00317764;0.00208282;0.00112534;0.000431061;0.000209808;4.57764e-05
0.454906;0.206219;0.0858498;0.0156517;0.0123215;0.130169;0.0666428;0.0149689;0.00977325;0.00209427;0.000789642;0.000259399;0.000133514;0.000110626;8.01086e-05;3.05176e-05
0.481411;0.0906029;0.0565453;0.0208244;0.0707321;0.227226;0.0240669;0.0151672;0.00579834;0.00307083;0.00187302;0.00130463;0.000831604;0.000358582;0.000133514;5.34058e-05
0.617302;0.0616722;0.0217247;0.00991058;0.0258255;0.146435;0.0887108;0.0153961;0.0080719;0.00284195;0.000835419;0.000530243;0.000328064;0.000240326;0.000118256;5.72205e-05
0.472282;0.0659142;0.0544014;0.0254478;0.0531311;0.231461;0.062027;0.0156822;0.00957108;0.00328827;0.00230026;0.00189972;0.00130844;0.000751495;0.000423431;0.000110626
0.724815;0.0416183;0.0092926;0.00664139;0.0409622;0.139759;0.0181694;0.00867844;0.00297546;0.00168991;0.0014801;0.00139236;0.00105286;0.000926971;0.00044632;9.91821e-05
0.439163;0.216831;0.0785103;0.0169334;0.014431;0.133556;0.0739555;0.015007;0.00823975;0.00154114;0.000835419;0.000457764;0.00025177;0.000175476;8.01086e-05;3.05176e-05
0.491745;0.0742302;0.102951;0.021389;0.040638;0.171207;0.0620689;0.0150795;0.00979996;0.00382233;0.0029335;0.00206757;0.00109863;0.000579834;0.000331879;5.72205e-05
0.479385;0.0829239;0.0554237;0.025631;0.0757217;0.227959;0.0221176;0.0160179;0.00589752;0.00325775;0.002388;0.00158691;0.000999451;0.000434875;0.000202179;5.34058e-05
0.607891;0.0594673;0.0206261;0.0114403;0.0800362;0.16959;0.0359764;0.00894547;0.0038681;0.00110626;0.000518799;0.000209808;0.000133514;9.91821e-05;7.24792e-05;1.90735e-05
0.451637;0.0716591;0.0383301;0.0283279;0.0800858;0.281246;0.0256729;0.0126152;0.00378036;0.00226212;0.00149918;0.00135422;0.000892639;0.000427246;0.000152588;5.72205e-05
0.745609;0.0383835;0.0104599;0.00646973;0.0470734;0.121891;0.0140457;0.00785828;0.00242996;0.00141907;0.00120926;0.00110245;0.000854492;0.000785828;0.000358582;4.95911e-05
0.602509;0.047493;0.0193977;0.012558;0.0576019;0.168995;0.0695496;0.012352;0.00629044;0.00170898;0.00069809;0.000385284;0.000240326;0.000114441;6.48499e-05;4.19617e-05
0.721096;0.0429878;0.00901794;0.00640488;0.0415497;0.138973;0.0195007;0.00918579;0.00329971;0.00191879;0.0018158;0.00147247;0.00128937;0.000991821;0.000396729;9.91821e-05
0.615231;0.0618439;0.0195503;0.010582;0.0513535;0.164238;0.0550995;0.0116272;0.00677872;0.00175858;0.000965118;0.000476837;0.000259399;0.000133514;6.86646e-05;3.43323e-05
0.440884;0.197182;0.0954399;0.0186386;0.0134315;0.0800972;0.122757;0.0146103;0.0114975;0.00259781;0.00146103;0.000774384;0.000312805;0.000183105;7.62939e-05;5.72205e-05
0.456715;0.0805511;0.0500832;0.0374222;0.0855865;0.242943;0.0205956;0.0145416;0.00409698;0.00265884;0.00188446;0.00151443;0.000804901;0.000350952;0.000183105;6.86646e-05
0.498833;0.0821304;0.0892296;0.0165138;0.0715065;0.182934;0.023922;0.0176544;0.00736237;0.00432587;0.00261688;0.00151062;0.00088501;0.000370026;0.000160217;4.57764e-05
0.60931;0.0517502;0.0160637;0.0109215;0.0797958;0.169094;0.0429611;0.0105896;0.00509262;0.00162506;0.00114822;0.000816345;0.000511169;0.000217438;7.24792e-05;3.05176e-05
0.485081;0.0791779;0.0648689;0.0239677;0.053299;0.220177;0.0408478;0.013958;0.00849533;0.00367737;0.00258636;0.00172424;0.00112915;0.00063324;0.000282288;9.53674e-05
0.725975;0.0410919;0.0101471;0.00699234;0.0513458;0.133011;0.0149765;0.00801468;0.00244522;0.00146484;0.001194;0.00124359;0.000988007;0.000728607;0.000331879;4.95911e-05
0.737995;0.0370865;0.00973511;0.00709152;0.0546837;0.125175;0.013031;0.00756454;0.00201416;0.00130081;0.00114441;0.00125122;0.000888824;0.000728607;0.000267029;4.19617e-05
0.723454;0.0414047;0.00949478;0.00654602;0.0419884;0.138332;0.0193634;0.0090332;0.00324631;0.00165558;0.00147629;0.00135422;0.00115967;0.000865936;0.000534058;9.15527e-05
0.424;0.224884;0.115372;0.0189896;0.0127373;0.0364952;0.128624;0.0171242;0.0137978;0.00451279;0.0014267;0.000732422;0.000511169;0.000453949;0.000240326;9.91821e-05
0.485718;0.081974;0.074543;0.0256271;0.0641975;0.201935;0.0330582;0.0163307;0.00768661;0.00354004;0.00237274;0.00161743;0.000858307;0.000354767;0.000141144;4.57764e-05
0.456459;0.0894623;0.0570717;0.0269547;0.0578613;0.247211;0.0383835;0.0121078;0.00674057;0.00273132;0.00185776;0.00138092;0.000926971;0.000518799;0.00025177;8.01086e-05
0.472507;0.0728836;0.060955;0.0281906;0.0625191;0.241486;0.0344276;0.0130043;0.00595093;0.00239944;0.00179672;0.00145721;0.00125122;0.000728607;0.000331879;0.000110626
0.461071;0.105812;0.0887794;0.0294724;0.0438347;0.171078;0.0624199;0.0157852;0.0112419;0.00393295;0.00268555;0.00181198;0.00112152;0.000522614;0.000362396;6.86646e-05
0.607346;0.0460663;0.017746;0.0120621;0.0807076;0.168098;0.050766;0.0102043;0.00421143;0.00102234;0.000732422;0.000480652;0.00030899;0.000198364;3.43323e-05;1.52588e-05
0.718349;0.0441551;0.00917435;0.0066452;0.0345612;0.137371;0.0289726;0.00924683;0.00402832;0.00179291;0.00162125;0.00141525;0.00110245;0.00094986;0.000473022;0.000141144
0.762756;0.0323944;0.00983429;0.00846481;0.0852776;0.0779076;0.011322;0.0060463;0.00177383;0.00124741;0.000976562;0.000869751;0.000667572;0.000366211;8.7738e-05;7.62939e-06
0.59724;0.0484543;0.0202179;0.0140953;0.0585022;0.171127;0.0697403;0.0118217;0.00566101;0.00147629;0.000640869;0.000507355;0.000274658;0.000152588;4.19617e-05;4.57764e-05
0.478474;0.0894508;0.0835762;0.0261993;0.0533524;0.181046;0.0500259;0.0157166;0.0102959;0.00485611;0.00336075;0.00179672;0.000965118;0.000534058;0.000289917;6.10352e-05
0.423805;0.20396;0.120255;0.0180054;0.012886;0.0344124;0.149372;0.016819;0.0124779;0.00468826;0.00144577;0.00069046;0.000488281;0.000328064;0.000225067;0.000141144
0.626846;0.059391;0.0232239;0.0106163;0.0254822;0.144558;0.0820274;0.0147285;0.00864029;0.00282669;0.000812531;0.000465393;0.000213623;0.000118256;3.8147e-05;1.14441e-05
0.620239;0.0613098;0.0201569;0.0105057;0.0600586;0.160927;0.0471153;0.0104675;0.00576401;0.00153351;0.000854492;0.000556946;0.000328064;0.000125885;2.67029e-05;3.05176e-05
0.612633;0.0624733;0.0260429;0.011261;0.0182915;0.130886;0.101002;0.0193672;0.00921631;0.00482941;0.00178146;0.00102615;0.000656128;0.000362396;0.000125885;4.57764e-05
0.427929;0.209137;0.102009;0.0167694;0.0132637;0.067482;0.12838;0.0162888;0.0118179;0.00321579;0.00181198;0.000919342;0.000450134;0.000247955;0.000175476;0.000102997
0.638828;0.059864;0.0196838;0.00987625;0.0562859;0.149101;0.0434952;0.011673;0.00746155;0.00203705;0.00094986;0.000434875;0.000190735;7.62939e-05;2.67029e-05;1.52588e-05
0.473583;0.0825806;0.0503311;0.0245361;0.0994377;0.223431;0.0198593;0.0141945;0.0041275;0.00273895;0.00192261;0.0016098;0.000980377;0.000518799;0.000133514;1.52588e-05
0.623749;0.0325317;0.00822449;0.00505447;0.053627;0.203732;0.0552864;0.00756073;0.00671768;0.00170517;0.000873566;0.000366211;0.000244141;0.000175476;9.53674e-05;5.72205e-05
0.61779;0.0708466;0.0178299;0.0103683;0.0115967;0.142578;0.104401;0.011795;0.0077095;0.00246429;0.00143814;0.000736237;0.000335693;8.7738e-05;1.90735e-05;3.8147e-06
0.623554;0.0975227;0.0153465;0.00979233;0.0464096;0.172268;0.016552;0.0101585;0.0033493;0.00210953;0.00149536;0.000862122;0.00038147;0.000141144;4.19617e-05;1.52588e-05
0.585247;0.0795288;0.0280724;0.0180092;0.0118561;0.0185547;0.179695;0.055172;0.0119438;0.0072403;0.00213623;0.00107193;0.000686646;0.000457764;0.000259399;6.86646e-05
0.691872;0.0681839;0.0130157;0.00886154;0.0518074;0.126247;0.0246925;0.00851059;0.00307846;0.00138855;0.000991821;0.00069809;0.00037384;0.000198364;6.86646e-05;1.14441e-05
0.743484;0.0438004;0.00986481;0.00736618;0.0422935;0.118759;0.0175629;0.00961304;0.00339127;0.00164032;0.0010643;0.000686646;0.000343323;9.91821e-05;2.67029e-05;3.8147e-06
0.607021;0.078537;0.0188942;0.010685;0.00883484;0.0390663;0.193645;0.0231361;0.0112724;0.00511169;0.00161362;0.00109863;0.000545502;0.00037384;0.0001297;3.43323e-05
0.601089;0.0692635;0.0126991;0.0162888;0.128082;0.136753;0.0181885;0.00920868;0.00314713;0.00190735;0.00141144;0.000938416;0.000598907;0.000293732;0.000102997;2.67029e-05
0.634048;0.0244522;0.00749969;0.00616074;0.129116;0.164211;0.0161324;0.0112648;0.0038681;0.00139618;0.000938416;0.000476837;0.000320435;9.53674e-05;1.52588e-05;3.8147e-06
0.634373;0.0511398;0.00688553;0.00488663;0.0634918;0.187786;0.0260849;0.0133476;0.00582886;0.0022583;0.00138474;0.00103378;0.000888824;0.000423431;0.000164032;2.28882e-05
0.624779;0.0653076;0.0197563;0.0116615;0.0144539;0.184769;0.0587463;0.0119514;0.00518799;0.00140762;0.000968933;0.000648499;0.000255585;7.24792e-05;2.28882e-05;1.14441e-05
0.591373;0.0807533;0.0130539;0.0110435;0.0847473;0.162128;0.036335;0.0102615;0.00442505;0.00206375;0.00156403;0.00112915;0.000659943;0.000301361;0.000125885;3.43323e-05
0.686386;0.0342941;0.00728989;0.0063324;0.0499344;0.162365;0.0335541;0.012619;0.00410843;0.00136948;0.000659943;0.000419617;0.00030899;0.000244141;8.7738e-05;2.67029e-05
0.760017;0.0198441;0.00642014;0.0153008;0.141708;0.0395737;0.0100784;0.00435257;0.00116348;0.000640869;0.000328064;0.000244141;0.000156403;0.000110626;3.05176e-05;3.05176e-05
0.635262;0.0393867;0.00620651;0.00484848;0.060009;0.193531;0.0337448;0.0115776;0.00667191;0.00263214;0.00196075;0.00139236;0.00126648;0.000968933;0.000469208;7.24792e-05
0.602467;0.0623322;0.0107155;0.0156136;0.132732;0.143288;0.0170288;0.00886536;0.00267029;0.00154114;0.00116348;0.000751495;0.000423431;0.000267029;0.000118256;2.28882e-05
0.624439;0.0382805;0.00803757;0.00544357;0.0516968;0.193241;0.0545921;0.0101357;0.00818634;0.0025444;0.00156403;0.000904083;0.000469208;0.000274658;0.000148773;4.19617e-05
0.578022;0.0545921;0.00931931;0.0193329;0.138351;0.147087;0.0355873;0.0103035;0.00340271;0.00164032;0.00107193;0.000663757;0.00038147;0.000152588;6.86646e-05;2.28882e-05
0.575329;0.0479851;0.0098877;0.0288963;0.167202;0.124306;0.0287971;0.0102196;0.00340652;0.00169373;0.00101852;0.000614166;0.00038147;0.000156403;8.7738e-05;1.90735e-05
0.522079;0.05019;0.0184975;0.0393295;0.131958;0.144646;0.0639038;0.0187454;0.00585938;0.00222397;0.00114059;0.000656128;0.000392914;0.000213623;0.000106812;5.72205e-05
0.543831;0.0332832;0.0161591;0.0738449;0.16412;0.111721;0.0384293;0.0115089;0.0036087;0.00160599;0.000896454;0.000473022;0.000312805;0.000137329;4.95911e-05;1.90735e-05
0.757313;0.0246239;0.00561142;0.00529861;0.0725937;0.104454;0.0126038;0.00984955;0.00334549;0.00156403;0.00111008;0.000751495;0.000419617;0.000217438;0.000167847;7.62939e-05
0.624561;0.0258675;0.00669861;0.00503159;0.0794716;0.205147;0.0351982;0.00887299;0.00565338;0.00152588;0.000843048;0.000465393;0.000366211;0.00018692;9.53674e-05;1.52588e-05
0.622845;0.0329361;0.00807953;0.00542068;0.0655327;0.194225;0.0472488;0.0110397;0.00770569;0.002285;0.00116348;0.000747681;0.000392914;0.000236511;0.000106812;3.43323e-05
0.541466;0.0389099;0.0159416;0.0663223;0.165844;0.116745;0.037899;0.010479;0.00283051;0.00143433;0.000904083;0.000591278;0.000389099;0.000156403;6.48499e-05;2.28882e-05
0.551342;0.0471725;0.00908661;0.0310936;0.163967;0.143818;0.0353127;0.0105896;0.00328445;0.00167847;0.00105667;0.000759125;0.000423431;0.000297546;9.53674e-05;2.28882e-05
0.59621;0.0689507;0.0118561;0.0169258;0.133274;0.142323;0.01614;0.00818253;0.00240707;0.00132751;0.000946045;0.000606537;0.000400543;0.000297546;0.00012207;3.05176e-05
0.585548;0.0276871;0.00600052;0.00447083;0.0439758;0.211304;0.0917244;0.0133896;0.009552;0.00292206;0.00135422;0.000896454;0.000617981;0.000297546;0.00019455;6.48499e-05
0.726612;0.0168037;0.00922775;0.101158;0.123154;0.0167198;0.00419998;0.00125504;0.00043869;0.000282288;0.00012207;1.52588e-05;0;3.8147e-06;3.8147e-06;3.8147e-06
0.627869;0.0348625;0.014782;0.152618;0.137558;0.0197525;0.00687408;0.00278091;0.00166702;0.000923157;0.000282288;2.67029e-05;0;0;0;3.8147e-06
0.586441;0.0632248;0.00920105;0.0108147;0.0959053;0.163872;0.0428543;0.0134659;0.00650406;0.00319672;0.0018692;0.00109863;0.000709534;0.000518799;0.000263214;6.10352e-05
0.495411;0.0386925;0.0133133;0.067215;0.189083;0.13422;0.0399094;0.0115929;0.0042038;0.00244904;0.00164795;0.00112152;0.000656128;0.000343323;0.000125885;1.52588e-05
0.572105;0.0829163;0.012867;0.0101547;0.0700645;0.158859;0.0681152;0.0129089;0.00671005;0.0021286;0.00135803;0.000843048;0.000572205;0.000259399;8.01086e-05;5.72205e-05
0.607819;0.0510063;0.00997162;0.0332756;0.181889;0.0919151;0.0129013;0.00629807;0.00206375;0.00121307;0.000564575;0.000511169;0.00038147;0.000175476;1.14441e-05;3.8147e-06
0.746552;0.021347;0.00551987;0.00476456;0.0743332;0.117016;0.01334;0.0103378;0.00364304;0.00122452;0.000789642;0.000427246;0.00025177;0.000232697;0.000175476;4.57764e-05
0.716084;0.0340614;0.008255;0.00746155;0.0661507;0.133568;0.0186234;0.01054;0.00277328;0.00107574;0.000556946;0.000358582;0.000289917;0.000156403;3.05176e-05;1.52588e-05
0.567074;0.0500603;0.01091;0.0360527;0.175472;0.118454;0.0258522;0.00922775;0.00305176;0.00165939;0.000988007;0.000621796;0.000320435;0.000183105;6.10352e-05;1.14441e-05
0.617237;0.044239;0.0100021;0.00627136;0.0320091;0.180946;0.0855865;0.00922394;0.00846863;0.00319672;0.00151825;0.000701904;0.000400543;0.000144958;3.43323e-05;1.90735e-05
0.767117;0.0156746;0.00789642;0.10741;0.0840569;0.0115891;0.00411224;0.00102615;0.000476837;0.000267029;0.000144958;0.000148773;4.57764e-05;1.52588e-05;1.52588e-05;3.8147e-06
0.719437;0.0368156;0.00850296;0.00719452;0.0512466;0.137287;0.0214195;0.0106468;0.0038681;0.00188828;0.000862122;0.000434875;0.000217438;0.000125885;4.57764e-05;7.62939e-06
0.674942;0.0785217;0.0147972;0.00963211;0.0580444;0.127754;0.02211;0.00786972;0.00293732;0.00125122;0.00094986;0.00063324;0.000377655;0.00012207;3.43323e-05;2.28882e-05
0.58102;0.0584755;0.00973892;0.0165215;0.123646;0.149143;0.039257;0.0121727;0.00481033;0.00246811;0.00139236;0.000679016;0.000366211;0.000190735;9.15527e-05;2.67029e-05
0.605927;0.0277596;0.0070076;0.00453949;0.0348701;0.191059;0.10078;0.0116386;0.00936508;0.00329208;0.00156784;0.00106812;0.000518799;0.000419617;0.000137329;4.95911e-05
0.760525;0.0188293;0.00715637;0.0568542;0.12915;0.0130272;0.00917435;0.00242996;0.00127411;0.000850677;0.000312805;0.000202179;0.000133514;6.48499e-05;7.62939e-06;7.62939e-06
0.546677;0.0674629;0.00885773;0.0055542;0.0376015;0.21645;0.097332;0.00799561;0.0069313;0.00233078;0.00101471;0.000675201;0.000465393;0.000347137;0.000225067;8.01086e-05
0.70116;0.0305367;0.00872803;0.00974274;0.113297;0.117737;0.0117645;0.00432968;0.00122833;0.000701904;0.000419617;0.000263214;6.48499e-05;1.90735e-05;3.8147e-06;3.8147e-06
0.708218;0.0264053;0.00657272;0.00962448;0.0957565;0.11375;0.0188789;0.00914764;0.00405121;0.00284958;0.00213242;0.00148392;0.000759125;0.000286102;6.86646e-05;1.52588e-05
0.768391;0.0317955;0.0097847;0.0106354;0.0981789;0.0616722;0.011322;0.00504303;0.00147629;0.000888824;0.000480652;0.000217438;8.7738e-05;1.52588e-05;7.62939e-06;3.8147e-06
0.60223;0.0373955;0.00705719;0.0151291;0.155483;0.132282;0.0287437;0.0105667;0.00410843;0.00232697;0.00164032;0.00131607;0.00094986;0.000484467;0.000213623;7.24792e-05
0.550667;0.0637703;0.00922012;0.00495911;0.0191917;0.189877;0.134869;0.012249;0.00882339;0.00320435;0.00118637;0.000804901;0.000595093;0.000396729;0.000148773;3.8147e-05
0.597054;0.0702324;0.0116501;0.0156479;0.139954;0.122005;0.0205574;0.0113754;0.00440979;0.00296783;0.00212479;0.00123978;0.000480652;0.000217438;6.48499e-05;1.90735e-05
0.581402;0.0363274;0.00671768;0.0148201;0.0926399;0.172657;0.0636292;0.0159531;0.00550461;0.00333023;0.00255966;0.00198746;0.00156403;0.000679016;0.000202179;2.67029e-05
0.493507;0.0412445;0.00550461;0.00720215;0.131065;0.234863;0.0693054;0.010437;0.00383759;0.0010643;0.000682831;0.000545502;0.000423431;0.00019455;9.91821e-05;2.28882e-05
0.541801;0.0400047;0.00691605;0.0106888;0.095768;0.18758;0.0807228;0.0195923;0.00867844;0.0033989;0.0020256;0.00133514;0.000778198;0.000442505;0.000183105;8.39233e-05
0.607594;0.0419617;0.00832367;0.012989;0.155937;0.129063;0.024334;0.00983047;0.00367737;0.0019989;0.00140762;0.00105667;0.00094223;0.000556946;0.00025177;7.62939e-05
0.525383;0.200951;0.0252457;0.0777092;0.145496;0.0187912;0.00424576;0.00119781;0.00062561;0.000221252;6.86646e-05;7.62939e-06;0;7.62939e-06;7.62939e-06;4.19617e-05
0.556465;0.0655098;0.0139961;0.0250359;0.145878;0.15184;0.0279388;0.00813675;0.00216675;0.00094223;0.000759125;0.000614166;0.000370026;0.000274658;5.34058e-05;1.90735e-05
0.603775;0.0397949;0.00669479;0.00993347;0.075119;0.173996;0.0596352;0.0157547;0.00603104;0.00315094;0.00219345;0.00169373;0.00125885;0.00069809;0.000217438;5.34058e-05
0.584278;0.0498886;0.00933456;0.00592804;0.0714455;0.208439;0.0525551;0.00889587;0.00553894;0.0015831;0.000881195;0.000534058;0.000396729;0.000183105;0.000106812;1.14441e-05
0.603134;0.0529404;0.0347862;0.00519943;0.0228081;0.191277;0.0539246;0.0158463;0.0100365;0.0037384;0.00283432;0.0018158;0.000923157;0.000492096;0.000213623;3.05176e-05
0.596714;0.0625648;0.0106392;0.0105095;0.118801;0.143028;0.030407;0.0131187;0.00550842;0.00313568;0.002388;0.00157166;0.000995636;0.000423431;0.000144958;4.95911e-05
0.562771;0.0638924;0.00828934;0.00557709;0.071125;0.208302;0.0622406;0.00862122;0.00534439;0.00139618;0.000900269;0.000652313;0.000514984;0.000297546;6.86646e-05;7.62939e-06
0.752071;0.0396271;0.0104752;0.00753784;0.0363884;0.120064;0.0184937;0.00929642;0.00284958;0.00154877;0.000793457;0.000434875;0.000270844;0.000118256;1.52588e-05;1.52588e-05
0.518711;0.0515289;0.00705719;0.00449753;0.0475426;0.221344;0.125229;0.0134926;0.00637054;0.00197983;0.000736237;0.000541687;0.000385284;0.000324249;0.000213623;4.57764e-05
0.707317;0.0379868;0.00722122;0.00573349;0.0464973;0.127224;0.0409431;0.0127411;0.00577164;0.00280762;0.00226974;0.00151062;0.00107574;0.000640869;0.000221252;3.8147e-05
0.556667;0.0570183;0.00754929;0.00481415;0.0389023;0.218586;0.0962372;0.00853729;0.00673294;0.0018692;0.000915527;0.000812531;0.000751495;0.000389099;0.000202179;1.52588e-05
0.652508;0.0398865;0.0075798;0.00902176;0.0833702;0.162109;0.0263939;0.00896072;0.00312805;0.00203705;0.00168228;0.00151825;0.00106812;0.000576019;0.000137329;2.28882e-05
0.733078;0.0227432;0.00893402;0.00515366;0.063549;0.127312;0.0188675;0.0107574;0.00504684;0.00206757;0.00114441;0.000679016;0.00037384;0.000202179;7.24792e-05;1.90735e-05
0.552471;0.063797;0.0133629;0.0290909;0.154434;0.146847;0.0274391;0.00767517;0.00199127;0.00094986;0.000659943;0.000507355;0.000511169;0.000183105;5.72205e-05;2.28882e-05
0.496525;0.0733719;0.0881081;0.0148239;0.0552826;0.197262;0.0403061;0.0161247;0.00861359;0.00326157;0.00278854;0.00175095;0.00102234;0.000488281;0.000217438;5.34058e-05
0.622437;0.0597725;0.0138435;0.00653458;0.0387802;0.207722;0.0214233;0.0164413;0.00744629;0.00284958;0.00135422;0.000881195;0.000366211;0.00012207;1.52588e-05;1.14441e-05
0.62183;0.0161095;0.0103226;0.182373;0.136227;0.0182228;0.00606537;0.00291443;0.00230789;0.00196075;0.00124359;0.00037384;4.57764e-05;0;0;3.8147e-06
0.662884;0.0341415;0.0102234;0.00981903;0.119087;0.124809;0.0223198;0.0107155;0.00324249;0.00128555;0.000816345;0.000305176;0.000213623;8.7738e-05;3.43323e-05;1.52588e-05
0.603783;0.0887451;0.0184135;0.00781631;0.0375404;0.191814;0.0219536;0.0153809;0.00731659;0.00349426;0.0021553;0.000930786;0.000385284;0.000179291;7.62939e-05;1.52588e-05
0.546333;0.0630989;0.0138855;0.0499496;0.18681;0.111515;0.0183334;0.00521469;0.00173187;0.00115204;0.000808716;0.000591278;0.000400543;0.000118256;5.34058e-05;3.8147e-06
0.651299;0.0490036;0.00741196;0.00645447;0.0508842;0.192936;0.0252457;0.0100822;0.00330734;0.00130081;0.000785828;0.000549316;0.000392914;0.000213623;8.01086e-05;5.34058e-05
0.667374;0.0556641;0.0089035;0.00695419;0.0729675;0.158756;0.0133934;0.00963974;0.0031662;0.00146866;0.000762939;0.000427246;0.00025177;0.000152588;8.7738e-05;3.05176e-05
0.644577;0.0359192;0.00712585;0.0118752;0.10762;0.148838;0.0244789;0.00870514;0.0033226;0.00262833;0.0020752;0.00168228;0.000736237;0.000354767;4.19617e-05;1.90735e-05
0.663471;0.0359688;0.00776291;0.0114708;0.112293;0.135288;0.0178909;0.007267;0.00267029;0.00188065;0.0015564;0.00131607;0.000656128;0.000354767;0.000133514;1.90735e-05
0.56377;0.0845261;0.0124474;0.015892;0.11034;0.153702;0.0388794;0.0107079;0.00410461;0.00192642;0.00144196;0.000980377;0.000732422;0.00038147;0.000114441;5.34058e-05
0.622299;0.0396957;0.00656509;0.00801086;0.0664177;0.176754;0.0528526;0.0133514;0.00531387;0.00291443;0.00208282;0.00163269;0.00123596;0.000648499;0.000171661;5.34058e-05
0.640972;0.0203629;0.00527954;0.0101051;0.113243;0.162853;0.0257301;0.0107613;0.00374603;0.00227356;0.00164032;0.00133133;0.00109482;0.000450134;0.000137329;1.90735e-05
0.700741;0.0243874;0.00609207;0.00914383;0.0786667;0.127045;0.0286789;0.0106277;0.00417328;0.00284958;0.00231552;0.00188446;0.0018158;0.00118256;0.000324249;7.24792e-05
0.73061;0.0235252;0.00695038;0.00645828;0.0706062;0.137688;0.012043;0.00672531;0.00166321;0.000980377;0.000816345;0.000659943;0.000717163;0.000411987;0.00012207;2.28882e-05
0.624107;0.0635414;0.026413;0.172634;0.0917206;0.0134392;0.00432587;0.00159836;0.000839233;0.000366211;0.000171661;6.10352e-05;3.8147e-05;5.72205e-05;0.000110626;0.000576019
0.457436;0.0570869;0.0283356;0.124165;0.223701;0.0844421;0.017086;0.00445938;0.00144577;0.000976562;0.000549316;0.000240326;6.10352e-05;1.14441e-05;0;3.8147e-06
0.654186;0.056797;0.0102081;0.008564;0.0571404;0.160717;0.0321655;0.00973892;0.00399017;0.00204468;0.00150681;0.00125885;0.000923157;0.000514984;0.00019455;4.95911e-05
0.687141;0.040062;0.0137062;0.0531654;0.173382;0.0180779;0.00754929;0.00239944;0.00184631;0.001194;0.000782013;0.000431061;0.000190735;5.34058e-05;1.14441e-05;7.62939e-06
0.715977;0.0502243;0.0154991;0.0104561;0.0596237;0.117622;0.0146599;0.00895309;0.00232697;0.00142288;0.00112534;0.000961304;0.000583649;0.000404358;0.000133514;2.67029e-05
0.621937;0.0618591;0.0271454;0.172802;0.0921974;0.0148697;0.00476074;0.00205994;0.00087738;0.000473022;0.00019455;6.48499e-05;5.34058e-05;4.19617e-05;0.00012207;0.000541687
0.406681;0.0704193;0.0271225;0.0299835;0.113346;0.196953;0.111938;0.0300522;0.00821686;0.00248718;0.00121307;0.000724792;0.000492096;0.000198364;0.000137329;3.43323e-05
0.720207;0.0451355;0.0144081;0.0106888;0.0573044;0.12072;0.0154572;0.0087738;0.00246811;0.00149536;0.00125885;0.000850677;0.000648499;0.00030899;0.00018692;8.7738e-05
0.659008;0.045723;0.0140991;0.0108833;0.0917969;0.147324;0.0152855;0.00915909;0.00271988;0.00139999;0.00094986;0.000720978;0.000484467;0.000293732;0.00012207;3.05176e-05
0.523396;0.0585861;0.0145988;0.0102654;0.0877457;0.185806;0.0835609;0.0185547;0.00927734;0.00345993;0.00207138;0.00136185;0.000724792;0.000396729;0.000156403;3.8147e-05
0.554829;0.0611572;0.016922;0.0227966;0.162312;0.141838;0.0242157;0.00933075;0.00310898;0.00123978;0.000976562;0.000656128;0.000396729;0.00018692;2.67029e-05;7.62939e-06
0.389355;0.0492859;0.02425;0.0469093;0.181408;0.209488;0.0737305;0.0165749;0.00491333;0.00175858;0.00102234;0.000667572;0.000377655;0.000152588;6.48499e-05;4.19617e-05
0.644104;0.0587196;0.0235825;0.160847;0.0899849;0.0135498;0.00468063;0.00185013;0.00114059;0.000564575;0.000217438;0.00012207;8.01086e-05;6.10352e-05;0.0001297;0.000366211
0.421886;0.0670853;0.0257339;0.0441933;0.19083;0.182846;0.0469513;0.0119095;0.00411224;0.00185013;0.00126266;0.00069046;0.00038147;0.000160217;8.7738e-05;1.90735e-05
0.660717;0.0377998;0.0126801;0.0101624;0.0875206;0.155876;0.0176048;0.00988007;0.00341797;0.00163269;0.00100708;0.000602722;0.00050354;0.000431061;0.000141144;2.28882e-05
0.701649;0.0549011;0.0253181;0.0169907;0.101124;0.0798187;0.011795;0.00513077;0.00125504;0.000732422;0.000564575;0.000370026;0.000236511;8.01086e-05;1.90735e-05;1.52588e-05
0.65641;0.0310211;0.0102844;0.00819397;0.0810242;0.169586;0.0233345;0.0108681;0.00407791;0.00174713;0.00112915;0.000823975;0.000694275;0.000545502;0.000228882;3.05176e-05
0.625782;0.0583382;0.0141869;0.0110359;0.0862885;0.165443;0.0210304;0.0106964;0.00391388;0.00109863;0.000759125;0.000541687;0.000411987;0.000263214;0.000164032;4.57764e-05
0.719727;0.0492325;0.0204353;0.013958;0.0862274;0.0838432;0.0140457;0.00699234;0.00229645;0.00154877;0.000934601;0.000396729;0.000255585;5.34058e-05;3.05176e-05;2.28882e-05
0.421566;0.0673103;0.0254974;0.0409088;0.133957;0.177872;0.0921516;0.0281105;0.0075531;0.00213242;0.00117111;0.000736237;0.000534058;0.000328064;0.00012207;4.95911e-05
0.486;0.0666313;0.0193291;0.0444145;0.199669;0.139194;0.0305443;0.00826263;0.00270081;0.00122833;0.000953674;0.00056076;0.000320435;0.000137329;4.57764e-05;7.62939e-06
0.694614;0.0340958;0.0173035;0.0165291;0.11182;0.104725;0.0128746;0.00483704;0.0013237;0.000785828;0.000518799;0.000331879;0.000160217;6.10352e-05;1.52588e-05;3.8147e-06
0.719051;0.0352325;0.0134926;0.0152588;0.118244;0.082634;0.00929642;0.00391388;0.000946045;0.000530243;0.000465393;0.000415802;0.000297546;0.000144958;6.48499e-05;1.14441e-05
0.647873;0.0572014;0.0112;0.00806046;0.0344162;0.15276;0.0622826;0.0117111;0.00675964;0.00252151;0.00186539;0.00134277;0.0010643;0.00063324;0.000244141;6.48499e-05
0.455471;0.0725937;0.0266953;0.0311737;0.181686;0.177521;0.036026;0.0102196;0.00411606;0.00189209;0.00116348;0.000774384;0.000415802;0.000179291;5.34058e-05;1.90735e-05
0.453979;0.0769882;0.0234642;0.0266647;0.171009;0.187767;0.0416756;0.0107155;0.00406647;0.0014801;0.0010643;0.000598907;0.000305176;0.000152588;5.72205e-05;1.14441e-05
0.630955;0.03088;0.00924301;0.0152016;0.16674;0.11404;0.0131607;0.0105057;0.00384903;0.00228119;0.00137329;0.000919342;0.000492096;0.000259399;8.01086e-05;1.90735e-05
0.661942;0.0368881;0.0126076;0.00996017;0.0873604;0.155388;0.0176239;0.00986481;0.00362778;0.00182343;0.00112534;0.000644684;0.000549316;0.000366211;0.000179291;4.95911e-05
0.648109;0.0374756;0.0197868;0.148678;0.118824;0.0157242;0.00558853;0.00249863;0.00154495;0.00102234;0.000461578;0.000221252;2.28882e-05;1.52588e-05;1.52588e-05;1.14441e-05
0.659145;0.0425797;0.0133133;0.00918579;0.0794525;0.158943;0.0198135;0.00967407;0.00384521;0.00157166;0.000988007;0.000553131;0.000457764;0.000324249;0.000114441;3.8147e-05
0.710838;0.0530968;0.0251122;0.0200996;0.12241;0.044735;0.0143318;0.00482941;0.00205994;0.00113297;0.000640869;0.000469208;0.000171661;4.57764e-05;1.90735e-05;7.62939e-06
0.453751;0.0731354;0.0230217;0.0610123;0.207386;0.13765;0.0304565;0.00809479;0.00260162;0.00143814;0.000865936;0.000392914;0.000144958;3.43323e-05;1.14441e-05;3.8147e-06
