5.75489e-05;0.0454243;0.284348;0.187381;0.0684071;0.0238671;0.0174499;0.023807;0.0366231;0.0582046;0.0728129;0.0726475;0.0434604;0.0230755;0.0286792;0.0137548
0.0113088;0.0290018;0.0387452;0.0496185;0.0505286;0.0513799;0.0793967;0.0847947;0.0954035;0.0984656;0.102919;0.104835;0.0784159;0.0419311;0.0689338;0.0143212
5.04764e-06;0.00411189;0.0227808;0.0593133;0.117894;0.139497;0.141227;0.136538;0.10885;0.0889899;0.0656912;0.0457239;0.029997;0.0190125;0.019499;0.000869748
0.000906317;0.0481643;0.257149;0.169559;0.125695;0.0650982;0.0350275;0.0322217;0.0371794;0.0447208;0.0502572;0.0443061;0.0318554;0.0184263;0.0110041;0.0284295
0.0352329;0.35487;0.0216719;0.0238346;0.0301496;0.0445594;0.101559;0.0941506;0.099164;0.0731221;0.061139;0.031632;0.0237437;0.00494747;0.000166572;5.74655e-05
0.00179754;0.0920635;0.35814;0.199021;0.0467634;0.048248;0.0494587;0.043429;0.03378;0.0267392;0.0210173;0.0175496;0.0142202;0.0104884;0.0192119;0.0180726
0.0501779;0.0740617;0.110393;0.123847;0.138449;0.137162;0.0989247;0.0609132;0.0550501;0.0429139;0.0227268;0.0116645;0.0188534;0.0220208;0.0328419;6.2895e-07
0.037697;0.0266036;0.0724104;0.0484401;0.0293188;0.0369156;0.057453;0.067231;0.0777193;0.0951978;0.0894489;0.0865287;0.0767715;0.0816213;0.0489483;0.0676945
0.000735557;0.0316594;0.137917;0.169679;0.181856;0.0392716;0.0204336;0.0260303;0.0370442;0.0519909;0.0645431;0.0680895;0.0518176;0.0374452;0.0369967;0.0444894
0.000432932;0.00807895;0.0156038;0.0368198;0.0783837;0.102848;0.19629;0.19638;0.110785;0.0799465;0.0548162;0.0453399;0.0250794;0.0284714;0.0189562;0.00176784
0.00977545;0.0286219;0.0613487;0.129996;0.195635;0.187435;0.124053;0.0673514;0.0467442;0.0395559;0.0323066;0.0257351;0.0289248;0.021467;0.000797823;0.00025158
1.07197e-05;0.000257492;0.00635853;0.0139584;0.0278802;0.0411851;0.0705037;0.0955097;0.102236;0.087145;0.0702269;0.0964801;0.117049;0.223849;0.045259;0.002091
0.000162269;0.00302769;0.00425909;0.0136477;0.043421;0.0689816;0.0963336;0.136896;0.179753;0.228834;0.100527;0.0549248;0.0327677;0.0234057;0.00610514;0.00695343
0.0295924;0.134285;0.0908194;0.0360146;0.0478606;0.0732371;0.0964278;0.128804;0.128711;0.0874489;0.0414214;0.0243932;0.0149788;0.0457303;0.0193512;0.000924871
0.000121904;0.0164426;0.252568;0.256705;0.0218188;0.0353556;0.0606368;0.0768613;0.0683599;0.0580706;0.0475012;0.0335321;0.0227594;0.0217748;0.0111123;0.0163795
0.000869359;0.039271;0.00416003;0.00150924;0.00445163;0.0149717;0.0281787;0.0301492;0.0673464;0.16841;0.285998;0.187633;0.0365546;0.0477321;0.079441;0.00332329
2.13843e-05;0.00034946;0.0223448;0.0626482;0.0890319;0.128869;0.172718;0.162135;0.123443;0.0737897;0.0430985;0.0205214;0.0225125;0.0583434;0.0137915;0.00638172
0;0;1.16484e-06;1.2425e-05;0.00271447;0.0191577;0.0606932;0.0931624;0.119499;0.164102;0.202827;0.13558;0.0526873;0.0250569;0.0506744;0.0738322
7.64174e-05;0.000238608;0.000556227;0.000949793;0.00278782;0.00730737;0.0196748;0.036299;0.0719056;0.18604;0.340274;0.208374;0.0553355;0.0350641;0.0182597;0.0168574
0.00238907;0.00922253;0.0037358;0.00737066;0.0156101;0.0365925;0.0566154;0.0840137;0.169299;0.268916;0.171031;0.0838425;0.0416932;0.0270114;0.0107918;0.0118651
0.00237617;0.0256615;0.0642378;0.0994697;0.0849834;0.0902232;0.130397;0.136837;0.118535;0.0851708;0.0586065;0.0420346;0.0259983;0.0280971;0.00572344;0.00164753
1.02204e-06;0.00364539;0.0304859;0.075636;0.117758;0.117023;0.179866;0.162228;0.110289;0.0669607;0.0237675;0.0267311;0.0566209;0.02731;0.000749001;0.000928015
0.114769;0.240901;0.0204994;0.0424541;0.0609198;0.0854038;0.0965215;0.112118;0.086785;0.0617242;0.0246932;0.0146929;0.0102443;0.027737;0.000349696;0.000187427
0.124139;0.300905;0.165082;0.0479266;0.0148677;0.0120673;0.0133001;0.0163071;0.0239111;0.0340397;0.047097;0.0644608;0.06757;0.0399798;0.0133517;0.0149954
0.0575848;0.0189284;0.0363109;0.0805585;0.127002;0.153722;0.137053;0.121085;0.0898051;0.0459908;0.0324434;0.026528;0.0171719;0.0407448;0.0118826;0.00318919
0.178131;0.184448;0.0359281;0.0397037;0.0443988;0.0468759;0.0592128;0.0650589;0.0604219;0.0631623;0.0545149;0.0591109;0.0375426;0.0165631;0.0191122;0.0358152
0.000120601;0.00287745;0.0222405;0.0453308;0.076646;0.126169;0.146172;0.1798;0.1681;0.0890964;0.0522782;0.033994;0.0147489;0.017043;0.0137335;0.0116499
0.104974;0.00895467;0.00955312;0.0117431;0.0168386;0.0456092;0.0769989;0.156526;0.218447;0.145245;0.0676602;0.0500204;0.0378175;0.0254633;0.0222029;0.00194597
3.43937e-06;5.99433e-05;0.000823484;0.00255889;0.00851441;0.0236437;0.0501495;0.069179;0.10502;0.135977;0.121523;0.0938757;0.107034;0.112269;0.164675;0.00469327
0.0252681;0.245487;0.0819474;0.0416513;0.0526387;0.0839692;0.0920877;0.0768051;0.0592015;0.0597172;0.0596002;0.0538633;0.0300871;0.0119195;0.0206629;0.00509386
0;4.11577e-05;0.001915;0.0416648;0.0491508;0.0663326;0.133916;0.12539;0.129081;0.133226;0.0977262;0.0576569;0.0317423;0.0242236;0.0993621;0.00857128
0.0250258;0.00362925;0.00948374;0.0445365;0.0879866;0.128513;0.200248;0.183083;0.11816;0.060103;0.0425369;0.0349969;0.0135347;0.034503;0.0131491;0.000510588
0.0186707;0.395281;0.0355715;0.0330268;0.0590807;0.0711078;0.085934;0.0758032;0.0606034;0.0578722;0.040628;0.0318242;0.0241344;0.00927984;0.000765432;0.000416365
0.000127048;0.0182568;0.034608;0.101988;0.150237;0.14579;0.156688;0.127959;0.0886826;0.0482539;0.0148541;0.0125021;0.0127394;0.0650667;0.0219902;0.000255825
0.0310038;0.118327;0.196177;0.0321903;0.0307091;0.0416877;0.0495175;0.0505789;0.0529277;0.0610245;0.0842978;0.0844661;0.071254;0.0432567;0.0210811;0.0315003
0;8.35276e-06;0.000196536;0.00289448;0.00473798;0.0225412;0.0444731;0.0667484;0.0887378;0.113971;0.105991;0.112258;0.135846;0.124705;0.164807;0.012085
0;8.7363e-05;0.00489699;0.01324;0.0334682;0.0584521;0.129134;0.272263;0.231244;0.105436;0.0564948;0.0573843;0.0246476;0.0117952;0.000745498;0.000710553
0.00774269;0.208016;0.21724;0.0684206;0.0322516;0.0360303;0.0521547;0.0599477;0.0672102;0.0682731;0.0534809;0.0389166;0.020722;0.0126403;0.0232413;0.0337127
0.00262838;0.029554;0.115688;0.0845585;0.0161495;0.0252655;0.0432931;0.0545045;0.0679939;0.093078;0.111269;0.127711;0.106916;0.0673501;0.024475;0.029566
0.19547;0.0832242;0.0264319;0.0248256;0.0304682;0.0425261;0.0553183;0.0938925;0.0939868;0.0932047;0.0832708;0.0707641;0.0343142;0.0408424;0.0282864;0.00317368
1.41514e-05;0.000572108;0.0173348;0.0664837;0.15553;0.130627;0.149927;0.150796;0.106529;0.0576842;0.0378982;0.0219186;0.0344291;0.0625307;0.00379783;0.00392834
0.00191422;0.0274335;0.0563274;0.0412851;0.0316809;0.0369095;0.0514444;0.0801181;0.101966;0.106497;0.119142;0.118322;0.0953643;0.0627767;0.031691;0.0371281
0.0704987;0.185581;0.0424428;0.0224576;0.0315283;0.0405726;0.0443925;0.0473797;0.050326;0.0642592;0.0789716;0.100354;0.104308;0.054007;0.0221755;0.0407456
2.94803e-06;0.000832328;0.003801;0.0284687;0.101155;0.141358;0.195287;0.223772;0.138462;0.0639335;0.0249556;0.0178754;0.0309917;0.0272752;0.00110207;0.000727182
0.00959241;0.0664182;0.160752;0.168483;0.118323;0.103418;0.108956;0.106215;0.0489;0.0134602;0.0282702;0.0489531;0.0182537;3.93071e-06;1.47402e-06;0
3.8828e-07;0.00104836;0.0149538;0.0357765;0.0978691;0.219455;0.233323;0.132414;0.0792266;0.0667896;0.0497565;0.023098;0.042778;0.00343706;6.44545e-05;9.707e-06
0;2.04409e-06;0.00219338;0.00297399;0.00485769;0.015516;0.0450946;0.0644133;0.0880777;0.140507;0.177533;0.171192;0.12877;0.0833721;0.0591913;0.0163051
0.00143547;0.000680655;0.0127251;0.0243347;0.0224795;0.0225905;0.0340106;0.066479;0.101437;0.187384;0.19942;0.148519;0.0712533;0.0456066;0.0567072;0.00493776
0.0790189;0.0274463;0.0433942;0.0979845;0.110825;0.110899;0.102149;0.106022;0.0942526;0.0623372;0.0418017;0.0334336;0.015812;0.00800748;0.0662767;0.000340006
0.00748262;0.212882;0.186714;0.099281;0.0930979;0.0944423;0.0776945;0.0593005;0.028966;0.014084;0.0118702;0.0155959;0.0132179;0.0276546;0.035396;0.0223211
0.00735777;0.040511;0.0272074;0.0743243;0.171196;0.182928;0.171349;0.12203;0.0692081;0.0365325;0.0187235;0.00665649;0.0153511;0.0511698;0.00545583;3.14475e-07
1.57237e-07;1.72175e-05;0.00164266;0.014258;0.0243323;0.0844647;0.1885;0.206631;0.177916;0.134202;0.0600103;0.0317915;0.0605029;0.014151;0.00109799;0.000482483
0.073072;0.227215;0.0935516;0.0351561;0.0242558;0.0253451;0.0354772;0.0542092;0.073184;0.081949;0.0757388;0.0643221;0.0536711;0.0297289;0.0136935;0.0394311
0.0485048;0.16923;0.0671703;0.0706961;0.0646138;0.0682145;0.0786979;0.0906776;0.0864505;0.0724463;0.0525631;0.0368262;0.0246077;0.0198727;0.0292827;0.0201458
0.000151577;0.0113972;0.0742249;0.227774;0.290715;0.161013;0.0603644;0.0416248;0.0272732;0.0208226;0.0222677;0.0259983;0.0363093;5.91213e-05;3.7737e-06;3.14475e-07
0.0281713;0.147925;0.0616531;0.0546178;0.0714649;0.0660181;0.0685528;0.0748569;0.102951;0.118422;0.0791824;0.0576957;0.0394252;0.0198221;0.00499212;0.0042505
0.0170059;0.00173328;0.00443066;0.019051;0.0416097;0.0737026;0.140425;0.183874;0.199616;0.150513;0.0395013;0.0146133;0.0175013;0.0700228;0.0262466;0.000154536
0.0392968;0.210559;0.102746;0.0355879;0.0242209;0.034269;0.0441057;0.050643;0.0585169;0.0662967;0.0815955;0.0690197;0.0533422;0.0505273;0.0353803;0.0438941
0.000313522;0.0457326;0.0549225;0.0254853;0.0457135;0.061811;0.0714013;0.106601;0.135632;0.140998;0.107209;0.0792137;0.0499003;0.0247184;0.029565;0.0207832
0.0268757;0.172589;0.0961309;0.0615182;0.0801895;0.0980743;0.0995134;0.102485;0.0941761;0.0549271;0.0347882;0.0215142;0.0189559;0.0210884;0.016953;0.00022139
0.00876698;0.0564299;0.0685551;0.051941;0.0794336;0.0785537;0.0820976;0.0957674;0.121102;0.112124;0.0846097;0.0523107;0.0283126;0.0179568;0.0588912;0.0031474
8.60089e-05;0.0323757;0.108953;0.119584;0.0984674;0.11268;0.126749;0.122875;0.0933112;0.0441252;0.0253382;0.0165878;0.0153114;0.0178549;0.0475481;0.0181534
0.0134035;0.15616;0.261926;0.0924198;0.0281817;0.0278801;0.0350514;0.0451284;0.0607937;0.0712672;0.0665548;0.0432567;0.0351202;0.0229985;0.027653;0.0122051
0.0192352;0.257679;0.16244;0.110422;0.0947764;0.0658715;0.0529529;0.0520094;0.0428494;0.0397358;0.0318003;0.0204783;0.0131057;0.00860781;0.00818264;0.0198537
0.141093;0.153297;0.0291295;0.0358816;0.0467725;0.0626538;0.073662;0.085801;0.0904744;0.0689225;0.0675854;0.0595612;0.0289191;0.0215497;0.0224167;0.0122812
0;0.00505078;0.0364986;0.0736532;0.024296;0.0613987;0.100643;0.0995112;0.0907141;0.100709;0.123921;0.116715;0.0793618;0.0296349;0.0223504;0.0355426
0;6.60076e-05;0.00197169;0.0083488;0.00969186;0.0332849;0.0955262;0.154133;0.190486;0.160225;0.119237;0.0629526;0.0322315;0.0169158;0.0374966;0.077432
6.05364e-06;0.0125134;0.0305725;0.0665368;0.127061;0.187787;0.199429;0.153153;0.089251;0.0427816;0.0205955;0.0227383;0.0215181;0.0139053;0.0025783;0.00957395
0.013363;0.014976;0.0436524;0.136129;0.180054;0.18395;0.145909;0.0908688;0.0483296;0.0227008;0.0120646;0.0121369;0.0361784;0.0555912;0.00399501;0.000100176
0.0820335;0.131603;0.0898644;0.0919782;0.121056;0.112197;0.0977814;0.0876671;0.0664084;0.0371722;0.0224168;0.0271794;0.0306355;0.00182336;0.000138066;4.61859e-05
0.13333;0.0732148;0.033646;0.0587983;0.0873363;0.105074;0.092238;0.102474;0.0945104;0.0730132;0.0515654;0.0250114;0.029705;0.0369747;0.00224755;0.000860089
0.0520462;0.0937852;0.0251495;0.0326991;0.036336;0.0413946;0.0548869;0.0786209;0.114293;0.118884;0.169057;0.0666992;0.0398065;0.0243014;0.0520321;7.23292e-06
1.1702e-06;6.04603e-05;0.00246288;0.0214868;0.0585962;0.132757;0.183688;0.182509;0.121372;0.0894563;0.0567871;0.0248792;0.0278094;0.0473654;0.0450235;0.00574568
0;0.000422449;0.0033695;0.00939133;0.0317178;0.0511085;0.0926103;0.163057;0.128062;0.104611;0.115064;0.13467;0.0922915;0.0331273;0.0155122;0.0249847
0.0409591;0.224691;0.222605;0.134974;0.06707;0.0290218;0.0148016;0.0121554;0.0151245;0.0203541;0.0295232;0.0429657;0.0529368;0.0472751;0.0232061;0.022337
9.82734e-06;0.00117684;0.0357729;0.119875;0.156608;0.169461;0.155485;0.116887;0.0635305;0.035364;0.0269565;0.0113137;0.047981;0.0575702;0.000876127;0.00113235
1.14783e-05;0.00397276;0.0617385;0.153473;0.117765;0.151093;0.169451;0.152508;0.0856678;0.0449856;0.0188644;0.0143139;0.0200128;0.00259976;0.00133675;0.00220643
0.0035086;0.000682646;0.00118683;0.00315615;0.0102679;0.0172423;0.0296691;0.0576386;0.116;0.238315;0.215221;0.127495;0.0855968;0.0620749;0.0218683;0.0100767
0.000382795;0.00188433;0.00454526;0.0118548;0.0326313;0.0560251;0.117896;0.281145;0.320982;0.0841591;0.038252;0.0214205;0.0100208;0.00909729;0.00515841;0.00454495
0.0121699;0.0304157;0.0530308;0.0766784;0.0907521;0.0788901;0.109137;0.137642;0.122721;0.0936752;0.0640117;0.0549215;0.0321132;0.0281307;0.0138784;0.00183213
0.0028092;0.036621;0.0413948;0.053476;0.0795003;0.121686;0.143602;0.162522;0.150965;0.0797091;0.044754;0.0360869;0.0298339;0.0125626;0.0018315;0.00264521
0.00216435;0.0470025;0.0758947;0.148119;0.159542;0.12947;0.0948289;0.0694503;0.0853765;0.0791149;0.0631371;0.0399896;0.00590295;6.87874e-06;9.82678e-07;0
1.90257e-05;0.000780055;0.0162724;0.0504081;0.0701704;0.107966;0.172223;0.170277;0.139106;0.115236;0.0734156;0.0317198;0.0254514;0.0196722;0.00588206;0.00140053
0;0.000285386;0.0110532;0.0492665;0.0882891;0.13825;0.213351;0.129015;0.140649;0.117772;0.0470642;0.0191189;0.0121932;0.0183295;0.0148968;0.000465936
0.000178735;0.00373461;0.0141176;0.0492697;0.0862791;0.113719;0.116693;0.113347;0.107217;0.101808;0.103447;0.0934449;0.0470901;0.0183998;0.0202003;0.0110546
0.0043775;0.0494072;0.18508;0.292497;0.12031;0.0451942;0.0259338;0.0244403;0.0269384;0.0314179;0.0387172;0.0477522;0.0492731;0.0272446;0.00971373;0.0217032
0.000218646;0.0681163;0.129719;0.14348;0.117896;0.108496;0.107384;0.109464;0.102421;0.0349244;0.0223903;0.0202697;0.0345161;0.000680504;1.57228e-05;6.87874e-06
0.00018782;0.023313;0.0500975;0.083733;0.0274083;0.0377374;0.0537835;0.0976996;0.134239;0.124899;0.131788;0.075712;0.0575468;0.0609752;0.0390374;0.00184204
1.55312e-05;0.00943521;0.00865166;0.00373603;0.0113001;0.0594783;0.175138;0.200189;0.191362;0.131709;0.0720663;0.0513205;0.0247808;0.0469749;0.0138115;3.02859e-05
8.96253e-05;0.00258931;0.0392042;0.100841;0.129261;0.133927;0.0763771;0.0699659;0.0994205;0.121072;0.0968179;0.0593912;0.0227126;0.0288127;0.0120063;0.00751202
0.0452441;0.103108;0.374167;0.164475;0.0871224;0.0718861;0.062612;0.0647504;0.0266275;3.14475e-06;2.5158e-06;1.2579e-06;0;0;0;0
0.000663857;0.0120541;0.110415;0.211991;0.203103;0.163339;0.0965542;0.0631978;0.0510531;0.0457353;0.0106824;0.0112755;0.0186282;0.000980218;0.000188685;0.000139312
0.10597;0.229263;0.0957931;0.0704628;0.0688801;0.0615481;0.0540085;0.0507761;0.052266;0.0573791;0.0487905;0.033274;0.02011;0.0103198;0.00795684;0.0332023
8.35276e-06;0.000141014;0.00107996;0.00442893;0.0143044;0.0313744;0.0456026;0.0697136;0.117034;0.150903;0.141651;0.102721;0.0676515;0.0925977;0.152989;0.00779902
0.000159989;0.0125279;0.0334513;0.123194;0.160397;0.178255;0.167537;0.13069;0.0608941;0.0169595;0.0149412;0.0277519;0.0650904;0.00785503;0.000194896;0.000100946
0.00015035;0.0411555;0.0788982;0.0766602;0.0704673;0.0806331;0.135182;0.203852;0.167071;0.0274015;0.0194909;0.0198663;0.0254676;0.0229848;0.0287148;0.00200417
0.00113766;0.00917622;0.00302975;0.0079679;0.0184122;0.0354562;0.0492436;0.0616884;0.0927139;0.11428;0.161856;0.167648;0.107388;0.0623737;0.0363776;0.071251
4.6385e-06;0.000770542;0.0135623;0.0180891;0.0695067;0.191057;0.301721;0.189096;0.0679035;0.0216886;0.0258855;0.0312373;0.0515549;0.0159409;0.000951758;0.00103038
0;0.0291641;0.254753;0.213185;0.119164;0.0241973;0.013852;0.0206179;0.0310946;0.0422488;0.0499584;0.0579926;0.0542378;0.0355256;0.019688;0.0343208
0.00224542;0.0535858;0.00795004;0.0111266;0.0145411;0.0380918;0.093777;0.123248;0.139521;0.158057;0.123962;0.0715717;0.0359707;0.03187;0.0755003;0.0189815
0;0.0166506;0.0244007;0.0471411;0.0340747;0.0604059;0.0871429;0.115091;0.142757;0.123559;0.085356;0.0661637;0.047282;0.0397937;0.033907;0.0762745
0.000493116;0.00246014;0.0178283;0.042213;0.080984;0.146815;0.182232;0.164182;0.134413;0.0721856;0.0500606;0.0327006;0.0346831;0.0228845;0.0142099;0.00165524
0.0236439;0.114822;0.106747;0.089823;0.0906538;0.096499;0.1003;0.0986584;0.0856009;0.0593295;0.0390129;0.0246862;0.0185032;0.0186054;0.0272934;0.00582136
0;0.000616201;0.00546271;0.0103675;0.0139692;0.0400744;0.109142;0.173647;0.16688;0.111473;0.0890024;0.0618301;0.0298529;0.0440418;0.0987012;0.0449384
0.00162607;0.124827;0.0253815;0.0809547;0.106273;0.168251;0.183671;0.101449;0.0424825;0.0419247;0.0634117;0.059049;0.000410311;0.000155508;8.07414e-05;5.25173e-05
0.000406337;0.00532415;0.0260631;0.0654861;0.088613;0.121656;0.156256;0.245913;0.127372;0.11404;0.0183667;0.00938408;0.0080157;0.0101835;0.00120427;0.00171723
3.4004e-05;0.00796703;0.130235;0.576163;0.056519;0.0326977;0.0392601;0.0451213;0.0410765;0.0273129;0.0119499;0.00520901;0.00403974;0.0029368;0.00704893;0.0124296
0.0378736;0.125205;0.156096;0.141555;0.0996711;0.080951;0.0699852;0.0694066;0.0692249;0.0564788;0.0308613;0.0144114;0.0174035;0.0261491;0.0028162;0.00191073
2.62523e-06;9.31957e-05;0.00648717;0.00974683;0.0234613;0.0775701;0.11889;0.16926;0.215968;0.152786;0.0852697;0.0293888;0.0240279;0.0620854;0.024116;0.000847731
0.0291474;0.116632;0.105191;0.0746104;0.0693166;0.0726538;0.0846114;0.0819842;0.0658451;0.0561121;0.0449756;0.0448756;0.06295;0.047519;0.020773;0.0228038
3.67936e-05;0.000311016;0.0123414;0.0408681;0.0760549;0.152067;0.168608;0.172088;0.152423;0.0989793;0.057759;0.0284671;0.014569;0.009387;0.00667898;0.00936105
0.000369429;0.000808672;0.0051463;0.0129428;0.043403;0.0824267;0.108597;0.158829;0.188369;0.153875;0.109975;0.0625927;0.0253543;0.0263895;0.0130026;0.00791824
0.00246636;0.00359975;0.00467373;0.00704767;0.01699;0.0220093;0.0354092;0.0787005;0.143242;0.200335;0.191597;0.102988;0.0421315;0.0270596;0.0773407;0.0444084
0.0541126;0.0919499;0.0589622;0.0475011;0.0604458;0.0646652;0.0747302;0.0952881;0.104503;0.09639;0.0811842;0.0563058;0.031739;0.0168103;0.0588027;0.00660995
0.000183503;0.0251312;0.462966;0.134114;0.0372988;0.0576402;0.067736;0.0609909;0.041619;0.032158;0.0256446;0.0185907;0.0128076;0.00569135;0.0101629;0.00726489
9.34725e-06;0.000912136;0.0115392;0.02105;0.0656376;0.192642;0.193934;0.147179;0.104831;0.0611739;0.0386127;0.0239442;0.0446405;0.0793336;0.00973205;0.00482902
0.0595587;0.0210652;0.0182762;0.0603809;0.114604;0.133696;0.126773;0.126299;0.0992845;0.0879829;0.0505051;0.0266233;0.0103836;0.0055842;0.0557552;0.00322909
7.83043e-05;0.0147042;0.0376637;0.0843469;0.113248;0.11288;0.118056;0.101739;0.0953183;0.0971882;0.0816977;0.091365;0.0174644;0.03045;0.00315701;0.000644045
0.00195423;0.0144867;0.0206224;0.0664397;0.0979571;0.113774;0.135596;0.15224;0.143758;0.103367;0.0773377;0.0313255;0.0199375;0.0193773;0.00126655;0.000561696
8.02884e-05;0.0160428;0.0885049;0.140398;0.121207;0.0969643;0.0943953;0.101239;0.0998319;0.0899435;0.065192;0.0308845;0.0113078;0.0164779;0.0167405;0.0107901
0.00441863;0.0885873;0.152287;0.111225;0.0427986;0.0300451;0.0391452;0.0525735;0.0693162;0.0843997;0.0854057;0.105424;0.0732285;0.0270856;0.0103449;0.023715
5.34607e-06;0.00157583;0.02204;0.0483855;0.0995984;0.127216;0.141818;0.151093;0.10702;0.0840573;0.0608626;0.0474873;0.0442122;0.0509183;0.01069;0.00302061
0.0421132;0.102009;0.148603;0.0331409;0.0506204;0.0707764;0.0832487;0.0796879;0.0657665;0.0727802;0.0664756;0.0487402;0.0293713;0.0148526;0.0221041;0.06971
0;2.32968e-06;0.000126968;0.0252669;0.0667683;0.125117;0.153463;0.0967474;0.0761747;0.0974245;0.0843178;0.0514502;0.0419719;0.038677;0.0758723;0.0666196
2.59442e-06;5.78634e-05;0.00228034;0.0177349;0.0419712;0.130653;0.189358;0.184165;0.156705;0.089399;0.0404244;0.0235557;0.0121063;0.0149051;0.082125;0.0145565
0.0231881;0.0906063;0.0397816;0.0311909;0.0497197;0.0718027;0.111273;0.147532;0.1467;0.10573;0.0887038;0.0495764;0.0272278;0.0161901;0.000715212;6.29014e-05
0.000130205;0.0405684;0.121044;0.108558;0.0913605;0.100121;0.0944746;0.0919226;0.0994382;0.087304;0.0610921;0.0382719;0.028167;0.0180194;0.0137049;0.00582286
0.206624;0.224801;0.0612563;0.0576716;0.054051;0.051466;0.0522535;0.0610603;0.0641862;0.0556888;0.0386059;0.0208358;0.0184622;0.012879;0.0136334;0.00652473
2.04409e-05;0.00257869;0.0188943;0.0193264;0.0318777;0.0448655;0.0688439;0.108372;0.125062;0.15539;0.148412;0.112288;0.0520701;0.0259432;0.021144;0.0649114
3.5106e-06;0.00381407;0.0109624;0.0248168;0.139276;0.176375;0.19043;0.138724;0.0762783;0.0617717;0.0364393;0.043038;0.0380479;0.027133;0.0288645;0.00402549
0;1.2425e-05;0.00629169;0.0244395;0.055592;0.134484;0.201741;0.223637;0.135539;0.0858526;0.0347767;0.0187574;0.0165904;0.0165508;0.0334072;0.0123291
0.10366;0.28472;0.141637;0.069136;0.0362024;0.0201531;0.0140177;0.0157288;0.0222327;0.0327265;0.0469498;0.0652812;0.0702024;0.0432202;0.0135941;0.020538
0.0125578;0.110169;0.0244197;0.0130136;0.0159265;0.0252712;0.0445167;0.0938993;0.149319;0.179649;0.149043;0.0800929;0.0304338;0.0244384;0.0469986;0.000251217
0.00201264;0.141922;0.271583;0.0653123;0.0253684;0.0364983;0.0611333;0.071972;0.0759778;0.0782678;0.0648255;0.0355052;0.0114057;0.00828012;0.0459231;0.00401333
0.00178213;0.0264167;0.0509658;0.0522783;0.0697425;0.111856;0.150627;0.169747;0.154633;0.0967322;0.0458604;0.015708;0.0288269;0.0175077;0.00501139;0.00230416
0;1.16484e-06;8.34802e-05;0.0086668;0.0524003;0.0903233;0.139166;0.158256;0.208321;0.153446;0.0559663;0.0183971;0.0206623;0.0903349;0.00394609;2.9121e-05
3.41687e-05;0.00137024;0.0144992;0.046587;0.0887869;0.145581;0.186078;0.158739;0.107406;0.068276;0.04919;0.041313;0.0468926;0.0324323;0.0102455;0.00256964
0.0011431;0.021878;0.0475892;0.0226872;0.0216742;0.0403155;0.0622126;0.0889721;0.112758;0.132003;0.116584;0.0912816;0.0738039;0.0701556;0.041836;0.0551055
0.155873;0.0311489;0.0376387;0.0545478;0.0868476;0.0968219;0.0761256;0.0758599;0.0822317;0.0734308;0.0761801;0.0478953;0.0272893;0.0311084;0.0198582;0.0271429
0.0774499;0.109177;0.0674182;0.0344412;0.0407384;0.048601;0.0756094;0.102115;0.119096;0.119094;0.0980431;0.0468149;0.0187788;0.0137455;0.0235274;0.0053505
0.000106;0.00257935;0.0195142;0.0682655;0.104365;0.139846;0.146218;0.129913;0.127415;0.0922992;0.0745754;0.0412792;0.0315179;0.0169395;0.00402996;0.0011365
2.5158e-06;0.000198748;0.00754229;0.0106258;0.0283337;0.0791042;0.136007;0.210401;0.248802;0.137859;0.0447556;0.021036;0.0553315;0.0190174;0.000689486;0.000293326
0.000720794;0.0310123;0.105536;0.0990849;0.0906963;0.091559;0.105145;0.088157;0.0945385;0.0943459;0.0736291;0.0441439;0.030858;0.0237823;0.0127335;0.0140572
0.0108645;0.0887379;0.193723;0.156746;0.151704;0.117923;0.0637731;0.0493958;0.0428619;0.0370237;0.0242671;0.0143737;0.0258661;0.020528;0.0014743;0.000738121
0.000940516;0.0232179;0.0942841;0.110108;0.148813;0.099564;0.109114;0.15998;0.134232;0.0556954;0.0209344;0.0110437;0.00959887;0.015856;0.00367668;0.00294223
0.00653874;0.17883;0.122998;0.0736581;0.120304;0.165788;0.113226;0.0710545;0.0416744;0.031685;0.0224832;0.01458;0.026065;0.00722612;0.00220071;0.00168824
0.00595615;0.00172418;0.00427091;0.0125327;0.0287276;0.0609526;0.11862;0.126477;0.158008;0.15274;0.111195;0.0725187;0.0442285;0.0561816;0.0417475;0.00411941
0;5.63006e-05;0.00132559;0.0115572;0.0324575;0.0768403;0.1913;0.184357;0.146868;0.107952;0.0709598;0.0416221;0.0289735;0.0366665;0.0665679;0.00249742
0.00685744;0.00376112;0.00931726;0.00910719;0.0159206;0.0456699;0.165508;0.339944;0.175399;0.0784203;0.043746;0.0228869;0.0528846;0.0305613;1.72961e-05;0
0.0311503;0.179789;0.0999492;0.0833921;0.083155;0.0757944;0.073828;0.0851692;0.0869089;0.0664973;0.0356737;0.0200588;0.0101654;0.010222;0.0170568;0.0411896
0.189593;0.0112318;0.0125872;0.0181436;0.0255696;0.0368627;0.0482989;0.0893181;0.155994;0.149963;0.110776;0.0532441;0.0294839;0.0162495;0.0472093;0.00547595
0.0227093;0.0956843;0.0815563;0.088849;0.0761181;0.0793777;0.0775702;0.0758129;0.0538863;0.0477643;0.0471597;0.0771905;0.0935623;0.0646296;0.0157335;0.00239608
0.000128384;0.0398455;0.0199026;0.0203981;0.0369186;0.0691567;0.123849;0.203274;0.212833;0.115869;0.0518095;0.0244507;0.057018;0.0244029;0.000109988;3.35702e-05
4.93116e-05;0.0377028;0.210163;0.158804;0.0962694;0.0775617;0.0637587;0.0567817;0.0569242;0.0745929;0.0570605;0.0258991;0.0209823;0.013862;0.0191702;0.0304183
0.0915185;0.226111;0.140877;0.108178;0.0885231;0.0700741;0.054012;0.0462071;0.0360549;0.0266923;0.0191103;0.0134724;0.010523;0.00948519;0.0130979;0.0460633
9.707e-06;0.0153103;0.0134807;0.0089153;0.00761844;0.00943793;0.0181304;0.0433856;0.107908;0.116375;0.146033;0.171644;0.182869;0.0755993;0.0708301;0.0124533
5.34607e-06;0.00415799;0.0912584;0.254304;0.119355;0.054968;0.0237995;0.0201122;0.0240297;0.0316195;0.0423827;0.0630217;0.0809506;0.0888253;0.0590647;0.0421459
0.000124638;0.00190723;0.0605569;0.398054;0.0266803;0.0328551;0.0424716;0.0507482;0.0497977;0.0623667;0.0731753;0.108832;0.0485016;0.0109332;0.0236331;0.00936221
5.6504e-05;0.0307337;0.140728;0.179713;0.133623;0.103859;0.0891505;0.0798283;0.0852571;0.0474211;0.032224;0.0313941;0.0301191;0.0143225;0.000894728;0.000675591
0.000275868;0.0323168;0.0180364;0.0418812;0.0723383;0.0964836;0.102612;0.105553;0.120562;0.105858;0.115611;0.092394;0.0439368;0.0179817;0.0175044;0.0166556
0;7.7656e-07;5.8242e-06;3.22273e-05;0.00048768;0.00524101;0.0391161;0.0958602;0.117944;0.109427;0.109356;0.125661;0.10258;0.0822175;0.0646774;0.147392
0.000852541;0.0126347;0.0402452;0.143701;0.223248;0.205513;0.155932;0.0724509;0.0376782;0.0238724;0.0176927;0.0205792;0.0356788;0.00526903;0.00211705;0.00253561
1.16484e-05;0.00825988;0.0218175;0.0134951;0.0300952;0.0735364;0.147933;0.258657;0.209462;0.100975;0.0570395;0.0265052;0.010795;0.0127162;0.0235589;0.00514199
2.98751e-06;0.000647032;0.0279532;0.0709793;0.119578;0.151994;0.156688;0.132301;0.122608;0.0906638;0.0421089;0.0167362;0.0369459;0.0257336;0.00266926;0.00239127
3.49452e-06;9.66818e-05;0.0271334;0.107621;0.113634;0.0811141;0.0970001;0.130178;0.147512;0.124265;0.0591879;0.0244395;0.0425136;0.0357059;0.00948025;0.000115319
0.0173526;0.010378;0.0126284;0.0170537;0.0290274;0.0576099;0.0802824;0.097216;0.118389;0.121754;0.12433;0.104105;0.0617245;0.0396997;0.0322036;0.0762458
0.0543001;0.271957;0.173133;0.102802;0.0831805;0.0617657;0.0513855;0.0548724;0.0546208;0.0333658;0.0167118;0.00784269;0.00380735;0.0026853;0.0105365;0.0170335
1.41514e-06;0.00532422;0.037361;0.048674;0.050015;0.119457;0.182551;0.195455;0.148325;0.0727509;0.0340731;0.0364376;0.0543377;0.0144443;0.000497263;0.000295685
0.000145445;0.0288956;0.117446;0.106573;0.0861961;0.0950712;0.116026;0.115757;0.0863203;0.0491069;0.0241694;0.0194504;0.017951;0.0188058;0.0777759;0.0403106
0.00245896;0.0425418;0.0719177;0.11576;0.167103;0.155487;0.107649;0.0901291;0.0774171;0.0431343;0.0191665;0.0187411;0.027302;0.018476;0.0406369;0.00207939
0.0281185;0.0052643;0.0134908;0.0299807;0.0595051;0.119392;0.138361;0.154284;0.140985;0.0962011;0.0573063;0.0423086;0.0317213;0.0187139;0.0596957;0.00467295
0.00819892;0.00271563;0.00598534;0.013518;0.0299682;0.0491617;0.0683408;0.114172;0.155653;0.108313;0.0863329;0.0898632;0.0920651;0.0780264;0.0496509;0.0480349
0;0.000108718;0.00826881;0.0400853;0.111578;0.210099;0.281285;0.131398;0.0565627;0.0301523;0.0263343;0.0726018;0.0314274;6.7949e-05;2.56265e-05;6.21248e-06
3.67936e-05;0.00373062;0.0326103;0.0812973;0.130105;0.158909;0.179885;0.135906;0.0999312;0.0813464;0.0309152;0.0141548;0.0187047;0.0120103;0.010668;0.00978929
0.000422551;0.0032448;0.0180326;0.0400191;0.062461;0.116598;0.136399;0.248421;0.219621;0.0719197;0.0388285;0.0197749;0.00611226;0.00480628;0.0126667;0.000672152
0.00133054;0.0298584;0.0459784;0.0978866;0.16334;0.189119;0.0924849;0.100362;0.0983118;0.0707411;0.0470087;0.0583269;0.00491147;0.000218246;8.01911e-05;4.15107e-05
0.00562191;0.0850349;0.0912629;0.0670564;0.0802835;0.0953717;0.103681;0.0849033;0.0857458;0.0889099;0.0699533;0.0417308;0.0234405;0.015162;0.0335866;0.0282555
0.0152523;0.117632;0.206205;0.110112;0.0282081;0.0219928;0.0257552;0.0368366;0.0501663;0.0579316;0.0680964;0.087635;0.0696213;0.0372285;0.0197685;0.0475584
0.00325765;0.0378147;0.145519;0.152845;0.135123;0.121681;0.108483;0.079754;0.0493757;0.0316028;0.0182389;0.0113755;0.0208223;0.0356756;0.0319161;0.0165146
2.04409e-06;0.000148196;0.00244945;0.0413354;0.0811632;0.129497;0.18404;0.141093;0.108727;0.0848213;0.0781696;0.0408649;0.0573242;0.0461175;0.00176436;0.0024827
2.01449e-05;0.0174912;0.0779111;0.14436;0.12528;0.0971692;0.086822;0.0743381;0.0928916;0.102707;0.0814606;0.0330214;0.0224665;0.0209178;0.0172932;0.00585086
0.00010755;0.0059376;0.0688125;0.154602;0.221691;0.0920562;0.0763341;0.0762904;0.139986;0.0762268;0.0456363;0.0235778;0.0187028;2.26422e-05;9.11977e-06;7.23292e-06
0.000612395;0.342585;0.0143588;0.0203834;0.0437302;0.0677998;0.0643578;0.0653289;0.072557;0.08142;0.0893526;0.0633632;0.0272037;0.00987634;0.0117404;0.0253305
0;0.000261643;0.00976476;0.0286361;0.0989564;0.223977;0.21414;0.196192;0.122781;0.0256379;0.0535802;0.0252206;0.000820151;2.5158e-05;5.97502e-06;9.43425e-07
4.87436e-06;0.000537438;0.0157709;0.0225011;0.0387064;0.0644234;0.108835;0.137667;0.177081;0.213702;0.113058;0.0455897;0.0203862;0.0155777;0.0209805;0.00517917
0.018043;0.0327617;0.0368407;0.0280301;0.0381933;0.0533632;0.071527;0.0918015;0.107574;0.109876;0.105844;0.121052;0.0767555;0.0311022;0.0312016;0.0460335
0.0245017;0.0285307;0.00829868;0.00665995;0.00811723;0.0142309;0.0181606;0.0267197;0.0576731;0.15271;0.223677;0.156489;0.111971;0.0750152;0.077346;0.00989904
9.33544e-06;0.00501264;0.0606971;0.114944;0.136979;0.124069;0.105923;0.100801;0.0781214;0.0723659;0.0793281;0.0508767;0.0188674;0.0205493;0.016851;0.0146041
0.0650385;0.112632;0.116757;0.0965206;0.0711277;0.0743111;0.0921049;0.0909473;0.0798067;0.0616016;0.0449988;0.030153;0.0452838;0.0167045;0.00160324;0.000408794
3.3411e-05;0.0225397;0.15079;0.170023;0.130677;0.0930635;0.0800656;0.0815352;0.0856271;0.0524598;0.0308158;0.0155322;0.046095;0.0390049;0.000971377;0.000765506
0.000127598;0.00814749;0.0338376;0.14768;0.184348;0.158966;0.158014;0.108666;0.0767989;0.0541426;0.0277148;0.0113323;0.0159324;0.00642842;0.00253954;0.00532492
4.08817e-06;0.000633038;0.00605852;0.0304579;0.0542664;0.183956;0.20286;0.184045;0.130663;0.0740279;0.0251736;0.0343339;0.0683598;0.00479087;0.000160775;0.000208811
0.00322925;0.0418442;0.10324;0.0794559;0.101038;0.12645;0.136013;0.127284;0.12372;0.0697095;0.0282891;0.0152675;0.0295039;0.0104769;0.00224239;0.00223692
0.000389833;0.0685202;0.0294507;0.0571599;0.0923854;0.085064;0.128895;0.162421;0.106859;0.0854535;0.0688863;0.0319745;0.0228891;0.0446953;0.0149061;5.00881e-05
0.0191694;0.127018;0.110761;0.116548;0.100743;0.0772161;0.0634659;0.060011;0.0566357;0.0569087;0.060256;0.0562797;0.0316343;0.0184041;0.0357676;0.00918088
1.62142e-05;0.0143515;0.0932566;0.154053;0.131486;0.106925;0.0931873;0.0946373;0.0823563;0.084585;0.0640116;0.0241881;0.0174528;0.0202004;0.0132455;0.0060474
1.57237e-06;0.00206264;0.00743513;0.0260052;0.078959;0.138854;0.251998;0.129362;0.10064;0.105915;0.0822613;0.0452454;0.0289191;0.00218308;9.78017e-05;6.06937e-05
0.00106591;0.0114463;0.00365585;0.0194713;0.0459817;0.0906915;0.195168;0.196087;0.179575;0.155868;0.0667916;0.0218433;0.00691137;0.00175595;0.00136286;0.00232476
3.84397e-05;0.00833521;0.0749136;0.105895;0.0991885;0.0991493;0.140162;0.127629;0.0933658;0.123333;0.0563853;0.0153767;0.00492184;0.00942472;0.0367224;0.00515985
2.5158e-06;0.00373109;0.0620088;0.0960524;0.11356;0.145266;0.148437;0.146349;0.0971456;0.0488092;0.023623;0.0462464;0.0560669;0.0114143;0.000760479;0.000527925
0.00848155;0.00948527;0.00701609;0.00948614;0.0150747;0.04804;0.10091;0.125327;0.115275;0.0992211;0.107291;0.133578;0.0746443;0.0560804;0.0655451;0.0245443
0.000645853;0.00601441;0.0202816;0.0342743;0.0404291;0.0773354;0.167074;0.202963;0.182247;0.109848;0.0609053;0.043646;0.029208;0.0242113;0.000503396;0.000412355
7.80133e-07;0.000310103;0.00440814;0.0193333;0.0613103;0.110202;0.179407;0.209025;0.109654;0.115299;0.0715254;0.0504891;0.0397299;0.0201711;0.00734457;0.00179236
3.8828e-07;0.000834802;0.0263506;0.0468941;0.0550904;0.0741456;0.120988;0.178017;0.177323;0.1215;0.0751741;0.0320219;0.0296902;0.0417122;0.0181835;0.00207458
2.94803e-06;0.00437292;0.0100498;0.0353774;0.114562;0.16899;0.247096;0.168677;0.103094;0.0361964;0.0120019;0.00655053;0.0196668;0.072612;0.000520328;0.000229455
1.55665e-05;0.00270771;0.0189256;0.0910556;0.114377;0.141931;0.147476;0.194683;0.120249;0.0700162;0.0474995;0.033194;0.0104068;0.00220117;0.00142473;0.00383659
3.8828e-07;4.65936e-05;0.0019977;0.0220959;0.0306295;0.0388187;0.0808923;0.136366;0.16447;0.162387;0.125009;0.0696932;0.0363799;0.0399719;0.0750911;0.0161517
3.29197e-05;0.0181987;0.0744339;0.143535;0.120265;0.0867734;0.0783941;0.0769343;0.0971662;0.1114;0.0843034;0.0350619;0.0241945;0.0223923;0.0154084;0.0115062
6.13483e-05;0.0167345;0.0588097;0.0124386;0.010991;0.0143877;0.0301274;0.0493698;0.058421;0.0646098;0.0723793;0.0920802;0.116821;0.188781;0.117851;0.0961358
5.04764e-06;0.00822843;0.00537263;0.00974117;0.0391254;0.105194;0.141895;0.171686;0.196766;0.13399;0.0522792;0.0222877;0.015937;0.0554546;0.041146;0.000891491
6.21248e-06;0.00444814;0.01104;0.0598126;0.0916419;0.172613;0.184851;0.203805;0.110865;0.0544225;0.0252289;0.012934;0.0116119;0.0476105;0.00890288;0.000205788
